1000
4552 4839
2851 6414
8986 575
4881 4454
3687 5575
2133 7365
3116 6151
2419 6952
8558 1009
344 9705
9518 319
4873 4468
9626 277
13 9939
8522 1039
1846 7780
2341 7102
9426 393
5755 3692
4369 5081
3072 6227
9512 322
2632 6636
8074 1441
377 9687
3874 5390
6464 2811
940 9026
9931 35
8435 1158
8631 904
3447 5755
471 9582
1642 8108
2435 6927
5229 4127
5918 3556
1585 8212
9817 168
746 9215
9608 287
3582 5638
6134 3057
2715 6548
2090 7424
9742 244
8545 1014
3215 6011
7929 1544
680 9342
7921 1581
7420 2021
1535 8361
3266 5978
6003 3300
5103 4198
9019 541
5699 3698
3478 5687
9398 405
9837 120
8672 835
8041 1482
7700 1782
6280 2995
2363 7042
987 8847
4699 4648
6803 2536
4709 4639
9798 195
4688 4651
1167 8713
1429 8438
36 9930
5316 4023
8110 1399
7445 1995
1701 8007
4855 4610
4026 5297
8090 1422
8411 1192
5251 4107
7491 1948
793 9133
7159 2216
2936 6384
3283 5963
2016 7537
266 9769
7301 2125
3214 6016
242 9823
3706 5572
4381 5047
5481 3883
1565 8234
8616 948
31 9930
8319 1259
710 9313
9254 444
4895 4438
2330 7160
9772 208
8013 1508
4373 5067
9891 110
6082 3163
3483 5686
8869 643
6679 2643
7754 1733
4475 4984
6621 2710
9111 488
3346 5825
8216 1360
1409 8502
4936 4364
8687 791
7467 1987
8867 648
60 9915
6206 3022
5392 3964
1419 8494
2947 6362
8649 886
5144 4169
9537 315
333 9717
7742 1734
1564 8266
1434 8428
2687 6566
1769 7970
623 9419
8605 972
3763 5466
6584 2719
2009 7541
3736 5562
7252 2152
9201 462
7429 2016
5995 3303
7402 2043
566 9471
3287 5927
9573 302
1107 8769
7286 2132
694 9323
6409 2894
3923 5368
8687 785
4447 5023
6943 2408
9576 298
5430 3946
3028 6258
967 8867
5000 4341
6660 2663
9475 363
3627 5591
5621 3755
6796 2538
6860 2499
248 9821
1391 8505
5933 3531
287 9768
783 9151
6390 2912
2821 6430
1614 8140
837 9067
4560 4827
2104 7380
3331 5850
1742 7988
934 9029
4859 4602
6059 3212
6398 2894
6149 3050
1656 8089
311 9757
9314 437
4483 4955
7693 1795
6711 2589
9724 248
5545 3846
829 9100
5577 3807
6161 3047
3714 5565
7798 1684
6396 2901
3301 5868
6908 2435
5826 3651
2051 7524
8248 1317
1858 7757
5162 4159
5620 3762
4424 5045
6992 2375
5864 3644
5553 3840
6617 2714
7178 2215
9945 22
5873 3609
7848 1637
8798 675
2069 7427
2827 6423
1467 8388
6359 2926
254 9814
661 9397
254 9811
830 9098
6053 3236
2785 6459
2634 6625
914 9032
3852 5402
3608 5618
1127 8731
1711 8001
8358 1231
3745 5486
931 9031
8635 889
2234 7221
7755 1721
5197 4148
3669 5589
7206 2173
7462 1995
6248 3020
6445 2856
6268 3016
9037 501
4037 5276
4901 4430
3716 5564
9112 481
1785 7816
6060 3205
7406 2040
4063 5269
8458 1149
3262 5984
8575 1000
6127 3100
2290 7174
2801 6448
1531 8364
6902 2437
3111 6180
5371 3984
1780 7866
7242 2170
9408 400
6949 2405
126 9866
7584 1890
1031 8780
1571 8224
3476 5736
7283 2133
8524 1033
8942 602
196 9829
4353 5133
375 9689
3191 6017
1017 8784
9120 481
1172 8667
7597 1884
777 9153
471 9580
3758 5476
4616 4696
5814 3677
642 9401
7328 2115
1871 7743
8724 769
494 9535
7759 1711
3116 6167
2408 6954
5615 3785
8551 1011
7770 1700
8663 843
2708 6549
8724 763
8093 1411
2135 7347
4478 4969
8676 823
4091 5263
2497 6801
2337 7130
9031 528
9865 113
5599 3796
6289 2972
6997 2373
102 9876
3064 6236
824 9106
9947 11
1743 7982
1574 8219
8684 821
2755 6466
1952 7641
9827 126
264 9795
9456 390
4447 5036
4740 4636
5843 3648
6783 2551
7371 2109
8 9959
1178 8667
6705 2617
9060 489
9017 542
2705 6550
1295 8577
6440 2865
7823 1648
6005 3274
1368 8536
8427 1172
2693 6562
5026 4294
8031 1494
2060 7482
3358 5805
9475 356
720 9292
3618 5610
839 9050
137 9856
1978 7575
7984 1538
2134 7355
3742 5512
3948 5343
5303 4076
511 9526
7193 2215
4114 5261
3123 6118
3739 5559
4708 4644
2055 7503
2148 7297
7070 2296
7326 2118
523 9505
3005 6276
7398 2062
3627 5596
5926 3549
5967 3460
8905 607
3244 5986
6939 2419
8463 1139
4354 5131
6704 2619
6416 2884
5615 3772
4360 5103
8003 1513
5376 3984
9926 46
2378 7016
6892 2444
325 9742
4872 4561
2978 6338
5547 3846
6537 2727
7595 1887
7094 2277
3977 5328
4982 4347
6742 2584
5095 4200
565 9492
3119 6132
2379 6985
9213 462
2339 7127
6889 2447
7387 2097
5886 3591
5308 4065
3123 6107
4901 4400
1879 7741
7558 1908
1167 8676
2475 6826
737 9284
2499 6785
7872 1632
4315 5200
2175 7284
4430 5039
2618 6662
3187 6071
8928 603
6131 3087
8983 575
1642 8106
2988 6281
9707 260
2069 7435
7046 2305
3506 5659
1848 7778
8650 855
6070 3170
8266 1274
315 9752
9762 217
8660 848
2565 6671
4595 4782
434 9594
103 9868
1629 8131
2603 6664
6709 2615
4529 4900
8336 1254
1746 7979
5338 3998
9981 1
172 9834
6816 2530
3810 5422
9459 388
5007 4332
3801 5445
5451 3910
4587 4790
4551 4842
472 9564
1945 7642
763 9181
6517 2745
2681 6592
8431 1162
6269 3013
6998 2345
4858 4610
5738 3696
1411 8500
1113 8749
1384 8530
864 9039
4210 5255
403 9615
7780 1696
2463 6868
8592 979
2816 6432
2345 7076
6689 2625
3177 6075
8367 1226
8140 1380
8943 592
6648 2667
6754 2565
6046 3250
5387 3975
6678 2657
1840 7788
2031 7528
2533 6726
149 9848
8153 1378
9172 472
8905 611
2583 6667
3055 6256
9465 378
5630 3728
1991 7549
6909 2424
7594 1888
2208 7247
5522 3881
9834 124
5476 3892
3504 5660
7087 2280
2403 6962
5653 3721
5873 3603
5781 3687
8305 1262
9657 271
81 9881
1601 8184
455 9588
3561 5649
1535 8343
1367 8538
2204 7258
518 9508
4608 4722
5824 3675
9910 55
7004 2342
2527 6753
4239 5249
690 9335
2648 6611
8784 682
7271 2146
7557 1920
341 9707
1071 8778
7095 2262
1859 7750
9904 58
5196 4152
6309 2935
1535 8345
1864 7750
8874 623
4433 5038
1328 8563
9470 369
8691 783
9657 269
9066 489
9824 159
2433 6928
8033 1485
339 9716
3485 5675
148 9848
7389 2093
8420 1190
4651 4683
7398 2059
8069 1457
2526 6769
711 9299
1162 8722
2195 7262
382 9658
3841 5415
3351 5816
3 9985
1000 8838
1922 7692
1536 8342
8995 549
1363 8541
9191 464
9160 476
7126 2247
1268 8579
2301 7164
623 9416
6887 2457
4134 5258
8467 1109
7205 2176
3441 5757
1826 7814
4545 4894
1123 8743
8744 751
6450 2832
2067 7441
2063 7462
1612 8177
4910 4384
738 9276
7221 2171
1295 8570
8626 934
7445 2009
2912 6399
5628 3729
6909 2427
3336 5831
2636 6621
8345 1251
1747 7978
7335 2114
2095 7394
7072 2283
6648 2667
9043 489
2137 7310
1240 8582
6083 3125
2262 7199
4603 4746
314 9752
970 8866
2219 7242
3373 5778
945 8994
1829 7812
2447 6896
2360 7051
5235 4118
9761 217
6952 2400
5431 3911
1920 7709
5475 3909
414 9599
3022 6262
9414 395
399 9628
7784 1688
5370 3993
3757 5486
8949 577
5017 4302
3921 5370
2729 6492
6765 2558
6136 3054
8777 733
5109 4195
4272 5215
9245 448
80 9893
5036 4280
839 9056
5128 4172
3246 5986
2430 6930
86 9880
1133 8724
6131 3071
5174 4159
8598 978
943 9001
9820 164
1543 8277
4274 5204
2457 6889
1194 8667
7606 1884
9638 276
2349 7066
2922 6398
4483 4957
7478 1960
7350 2112
6523 2741
2979 6288
327 9719
7853 1636
2687 6591
8354 1237
8502 1046
670 9364
5117 4184
3740 5548
6089 3124
4877 4465
1081 8776
5231 4122
5418 3952
2531 6736
28 9934
6628 2676
5309 4060
8241 1324
5016 4322
1004 8815
6506 2770
4629 4686
4718 4638
1776 7967
1404 8504
3891 5377
9592 289
5902 3570
6200 3032
6336 2933
2283 7196
4330 5189
2631 6650
5972 3417
1219 8627
8583 994
4821 4620
6569 2722
2194 7271
2467 6843
8856 650
1422 8484
2176 7275
1003 8818
3983 5314
6108 3106
8800 664
179 9831
2673 6599
1470 8387
7585 1890
6337 2929
5864 3645
2171 7291
260 9810
976 8853
1954 7599
3231 6005
4876 4466
1200 8663
5086 4215
8654 849
7420 2029
1599 8193
1336 8555
4783 4620
6097 3120
4973 4352
692 9333
1231 8600
978 8849
831 9070
1206 8627
9587 297
1717 7995
3127 6077
9769 216
5525 3879
5327 4016
7810 1681
8016 1496
1849 7760
2252 7203
8666 843
1685 8045
959 8872
1459 8394
5892 3579
3938 5365
621 9419
5943 3488
6899 2442
5885 3602
5659 3720
9323 429
506 9531
1753 7976
3482 5686
6296 2952
8261 1304
7719 1759
1679 8057
6632 2670
8220 1353
2953 6350
4487 4917
1872 7741
9509 355
628 9405
5630 3726
2301 7165
574 9453
1944 7653
6293 2953
1201 8654
8611 963
745 9267
5200 4145
9691 268
7995 1524
7823 1649
7025 2339
8047 1464
7104 2253
9757 223
8272 1273
68 9902
128 9865
8128 1383
2377 7021
2528 6753
6727 2586
2549 6678
6588 2716
8327 1258
4374 5058
992 8842
518 9506
3102 6183
8178 1369
7154 2242
3119 6119
1777 7966
6531 2730
2236 7215
8991 562
5791 3685
8499 1065
2281 7198
8624 940
5068 4240
8106 1400
3347 5822
9444 393
5034 4289
6709 2606
1002 8819
2718 6539
5411 3954
4590 4782
4012 5298
1510 8368
7393 2087
4568 4803
4761 4622
5553 3815
6483 2793
9900 101
1473 8385
3551 5655
3068 6230
9543 302
3088 6187
6844 2508
3291 5873
1977 7590
1453 8400
7757 1712
1898 7734
2299 7173
3074 6216
3433 5778
53 9927
6474 2795
9803 183
1778 7887
5676 3713
1784 7836
8771 736
1013 8803
3184 6074
8902 621
9802 190
4364 5091
2010 7539
7302 2119
2898 6404
326 9728
3181 6074
3807 5426
1757 7975
3980 5324
1779 7879
7767 1703
8573 1006
7702 1778
3281 5964
2494 6820
594 9427
9902 73
946 8941
5000 4345
4838 4616
6414 2890
7734 1737
5527 3855
3814 5419
5605 3786
322 9744
17 9934
1444 8421
4613 4698
9695 267
5988 3368
6825 2528
7434 2011
5592 3805
4914 4379
8799 673
5515 3882
1307 8566
8794 677
1338 8545
5990 3338
2514 6773
5898 3572
1428 8450
3672 5588
1648 8106
514 9523
2105 7378
6888 2457
5313 4054
2720 6530
4548 4890
7298 2128
2765 6464
8071 1449
7039 2305
6006 3256
1675 8084
4331 5150
5281 4095
6458 2818
7679 1820
1448 8409
3785 5454
1929 7682
7952 1540
1943 7676
6954 2395
3559 5651
2780 6463
8388 1205
1913 7720
1685 8038
6910 2423
7834 1641
439 9592
4774 4621
165 9837
8222 1346
4688 4672
4550 4881
3451 5753
5774 3688
7896 1591
8426 1179
5976 3399
2463 6880
2221 7233
761 9189
2379 7012
3975 5342
5205 4129
6191 3044
2369 7022
4522 4915
7290 2128
1693 8008
9398 422
7697 1787
2573 6667
2220 7241
9228 459
3348 5818
6516 2762
2424 6946
2093 7404
6829 2521
8250 1310
1390 8512
3828 5418
3914 5374
662 9395
3294 5871
1480 8384
2533 6723
5556 3807
9616 283
8650 862
8777 713
7716 1776
770 9177
1705 8006
711 9300
1095 8770
8825 654
4330 5177
