1000
7578464 6293
7269845 12823
2313204 6249431
5420087 391350
12047622 158
5420182 391255
2313662 6248973
9688183 475
2313267 6249368
1147018 24995539
7975040 1760
3242758 3125191
7887052 3699
6559697 49012
12727453 561
7241822 24562
9687569 1089
1447018 12497959
8915880 1082
7887678 3073
4526245 782039
1147034 24995523
12047389 391
5420075 391362
12727608 406
12727727 287
8909318 1755
7578227 6530
1446910 12498067
7577748 7009
8916308 654
3534563 1562542
10491281 940
1447220 12497757
8916071 891
6071055 98199
8915640 1322
8916532 430
5613450 195580
6071569 97685
8916559 403
7578464 6293
7577998 6759
7269835 12833
19230 99980770
6070886 98368
8915868 1094
11421322 149
19475 99980525
1147301 24995256
5613558 195472
19700 99980300
2313497 6249138
11421145 326
12314057 999
19985 99980015
12727787 227
3534241 1562864
9687863 795
7974743 2057
12314715 341
7269492 13176
7887115 3636
6071614 97640
1446592 12498385
11420627 844
8916138 824
5613555 195475
7241866 24518
10492107 114
10491511 710
2313367 6249268
1147087 24995470
8909843 1230
6559586 49123
9687612 1046
2312980 6249655
8909511 1562
903912 49990758
2313506 6249129
2312962 6249673
7578538 6219
7974313 2487
12727361 653
2313286 6249349
12727901 113
5420098 391339
7269658 13010
19490 99980510
9688295 363
7269609 13059
1147453 24995104
2313635 6249000
1146959 24995598
2313729 6248906
19104 99980896
7974435 2365
5420058 391379
7270119 12549
4526938 781346
8915856 1106
12314708 348
8910232 841
904593 49990077
19140 99980860
7886931 3820
7269785 12883
7975215 1585
5613250 195780
5613517 195513
12727308 706
11420542 929
3243295 3124654
3534231 1562874
1146703 24995854
6071111 98143
5420317 391120
1446621 12498356
7578402 6355
7269804 12864
7241514 24870
6559708 49001
10491138 1083
7975167 1633
7241685 24699
7887127 3624
5613641 195389
5420727 390710
9687620 1038
1447095 12497882
7887222 3529
19569 99980431
8916179 783
5419974 391463
5612823 196207
7887136 3615
8915668 1294
5420295 391142
8916410 552
903901 49990769
12727158 856
2313166 6249469
12314311 745
12314168 888
10491971 250
2313235 6249400
12047581 199
6071003 98251
2313492 6249143
9688397 261
4526831 781453
7974285 2515
1447309 12497668
5613564 195466
4526933 781351
4526442 781842
904377 49990293
1146797 24995760
6559133 49576
3534642 1562463
7975268 1532
7241183 25201
12047451 329
7886810 3941
5419911 391526
12047633 147
12046771 1009
6071293 97961
8909734 1339
2313036 6249599
5612866 196164
9687822 836
7241583 24801
5420709 390728
12727570 444
3242730 3125219
2313632 6249003
9687806 852
5612952 196078
8909690 1383
1146731 24995826
7577878 6879
6558945 49764
19293 99980707
12727887 127
3533995 1563110
7974376 2424
6070803 98451
904170 49990500
12727107 907
1446647 12498330
19696 99980304
9688207 451
12047631 149
7241119 25265
11421122 349
8909533 1540
12047419 361
19002 99980998
904582 49990088
8915806 1156
6558981 49728
6559559 49150
9687469 1189
19246 99980754
8909335 1738
3242632 3125317
7887112 3639
5612992 196038
12046879 901
3242900 3125049
1147163 24995394
8909983 1090
12314832 224
12046757 1023
8909584 1489
7578442 6315
7974365 2435
7269733 12935
6559524 49185
4526379 781905
2313202 6249433
5420374 391063
19164 99980836
3243300 3124649
7887060 3691
8909524 1549
6071399 97855
904355 49990315
6559353 49356
2312943 6249692
7241196 25188
5612865 196165
7269484 13184
7975118 1682
19991 99980009
10491602 619
12727302 712
8910284 789
8915854 1108
8915937 1025
2313848 6248787
3533928 1563177
10491780 441
904469 49990201
7974633 2167
7270209 12459
19786 99980214
1446783 12498194
5613376 195654
4526424 781860
12046860 920
1447185 12497792
12727182 832
904042 49990628
11421203 268
19255 99980745
12727626 388
3533928 1563177
3242988 3124961
8915802 1160
6559734 48975
19499 99980501
3534347 1562758
11420986 485
3534090 1563015
1147179 24995378
3534302 1562803
3242887 3125062
6559817 48892
5612941 196089
904433 49990237
6070858 98396
1446841 12498136
5613509 195521
8910196 877
12047385 395
7269729 12939
7975228 1572
3534387 1562718
11420463 1008
1147163 24995394
2313802 6248833
6070817 98437
3534176 1562929
7241257 25127
3534372 1562733
6070799 98455
3243571 3124378
4526851 781433
3534478 1562627
2313068 6249567
12727441 573
11421342 129
6559674 49035
2313310 6249325
10492033 188
3243393 3124556
9687595 1063
12047704 76
9687584 1074
7975241 1559
6559532 49177
12314391 665
904139 49990531
7887690 3061
4526538 781746
7974418 2382
8915848 1114
19479 99980521
3534453 1562652
903874 49990796
7578332 6425
10491863 358
3534020 1563085
5420640 390797
8915874 1088
11421234 237
5613581 195449
4526299 781985
904099 49990571
7974888 1912
7241828 24556
7887113 3638
5613512 195518
5612804 196226
8916122 840
12046865 915
2313804 6248831
4526789 781495
4527046 781238
3534341 1562764
3242835 3125114
7578203 6554
5420669 390768
8909788 1285
1147191 24995366
1447256 12497721
7270270 12398
3242895 3125054
12314350 706
12314131 925
10491532 689
7241175 25209
1446623 12498354
3243151 3124798
9688353 305
904582 49990088
11420535 936
5612807 196223
9687816 842
12727228 786
1446590 12498387
12727505 509
1447460 12497517
12047067 713
5420227 391210
12727522 492
2313130 6249505
6071304 97950
9688054 604
12047195 585
1446842 12498135
12046899 881
7887160 3591
12046901 879
7270372 12296
5613721 195309
1146892 24995665
2313368 6249267
8916030 932
3534090 1563015
4526696 781588
8909585 1488
4526642 781642
5613385 195645
12727024 990
903999 49990671
8909882 1191
10491164 1057
12727816 198
19395 99980605
4526674 781610
19893 99980107
7577664 7093
7975216 1584
6559834 48875
19021 99980979
8915711 1251
12727911 103
2313314 6249321
904104 49990566
3534754 1562351
2313572 6249063
7241172 25212
3533971 1563134
3534858 1562247
12727630 384
12727949 65
7578613 6144
3243412 3124537
2313398 6249237
3243290 3124659
12047448 332
6558923 49786
7887290 3461
7241760 24624
2312938 6249697
2313403 6249232
6559550 49159
6070853 98401
8915912 1050
1446706 12498271
8910302 771
12047657 123
6559344 49365
7269602 13066
1147222 24995335
904540 49990130
7241419 24965
5613159 195871
7886757 3994
3534174 1562931
1447208 12497769
4527150 781134
5420062 391375
7975066 1734
4526851 781433
5420050 391387
3243553 3124396
1447461 12497516
3534806 1562299
7578373 6384
1146918 24995639
7887513 3238
11420573 898
1447024 12497953
7887103 3648
8915998 964
4526303 781981
3534474 1562631
12046826 954
12047467 313
4526349 781935
11420986 485
6558929 49780
11420607 864
7974622 2178
19228 99980772
12046937 843
19823 99980177
7270014 12654
19645 99980355
1147002 24995555
7974560 2240
7578538 6219
4526823 781461
1446972 12498005
7975227 1573
904352 49990318
12727649 365
9688299 359
7578379 6378
12047529 251
8909857 1216
7270425 12243
7886820 3931
7974567 2233
19227 99980773
12314976 80
7886946 3805
8909916 1157
1446762 12498215
7269624 13044
4526601 781683
3534685 1562420
12727580 434
11421003 468
3534487 1562618
7887676 3075
7975250 1550
7975113 1687
7974910 1890
8909412 1661
12047207 573
7241686 24698
9687574 1084
1447255 12497722
5613092 195938
3534483 1562622
5612931 196099
5420286 391151
2313383 6249252
12314820 236
7887642 3109
19175 99980825
11420933 538
6559141 49568
3534152 1562953
12314351 705
7241156 25228
7578528 6229
9687975 683
8915859 1103
4526277 782007
8909592 1481
6559622 49087
7270462 12206
4526369 781915
12314699 357
1147539 24995018
7578044 6713
7577711 7046
12727294 720
3242916 3125033
8915882 1080
1446683 12498294
12727815 199
12047315 465
7975111 1689
1446753 12498224
7269779 12889
7887406 3345
9688343 315
8909429 1644
7577797 6960
8916320 642
7241828 24556
2313569 6249066
12314131 925
8910137 936
7578133 6624
10492030 191
6559431 49278
7270364 12304
1147428 24995129
19643 99980357
6071231 98023
2313646 6248989
903896 49990774
7578509 6248
7270144 12524
3534451 1562654
10491798 423
7241440 24944
3242628 3125321
4526379 781905
904000 49990670
19648 99980352
9687678 980
6559645 49064
7578209 6548
1446871 12498106
1146635 24995922
7886926 3825
3534622 1562483
1147517 24995040
5420686 390751
8916038 924
6071548 97706
4526462 781822
19324 99980676
1147082 24995475
12314604 452
10491338 883
7269659 13009
12727246 768
904065 49990605
8910010 1063
7270356 12312
6070993 98261
8916111 851
6070866 98388
7241703 24681
11420469 1002
904113 49990557
9687674 984
7269776 12892
7241629 24755
5420587 390850
8910210 863
6070984 98270
10491417 804
11420905 566
5420341 391096
12314593 463
5613487 195543
10491633 588
10491790 431
6559076 49633
7577667 7090
7578001 6756
1147260 24995297
8910126 947
10491780 441
7270248 12420
903760 49990910
7887174 3577
7269468 13200
7887697 3054
7241193 25191
10491769 452
9687738 920
7269784 12884
3242680 3125269
8909574 1499
12047424 356
7269644 13024
7975058 1742
9688082 576
5420433 391004
3242825 3125124
12314097 959
5420818 390619
4527003 781281
3243452 3124497
6559263 49446
10491272 949
5613302 195728
7886848 3903
6558978 49731
6071110 98144
9687844 814
8916280 682
4526915 781369
7974414 2386
9688328 330
904608 49990062
7974522 2278
7974355 2445
6071426 97828
10491201 1020
19373 99980627
6559847 48862
7887685 3066
3533934 1563171
12727871 143
904173 49990497
1447147 12497830
1447343 12497634
5420644 390793
1147429 24995128
2313307 6249328
5612837 196193
7241461 24923
2313806 6248829
9687841 817
12314841 215
7974450 2350
1446971 12498006
8916526 436
3534691 1562414
19176 99980824
5420017 391420
903720 49990950
4526636 781648
3242759 3125190
9687850 808
2312887 6249748
12046865 915
1147447 24995110
4526407 781877
3534614 1562491
12727149 865
7578299 6458
6070684 98570
11421379 92
7887125 3626
8910059 1014
1146956 24995601
903897 49990773
7886984 3767
8916355 607
12046945 835
903779 49990891
12046825 955
3534291 1562814
8909437 1636
12314958 98
5613608 195422
12727857 157
19394 99980606
3534441 1562664
2313704 6248931
9687902 756
7269904 12764
8916580 382
12727058 956
2313767 6248868
6559667 49042
3534757 1562348
10491331 890
8909601 1472
8910107 966
5613688 195342
904042 49990628
6559428 49281
9688191 467
3534061 1563044
12047658 122
10491674 547
3534482 1562623
19040 99980960
7887165 3586
3534618 1562487
12047466 314
9688270 388
12727619 395
10492108 113
10491773 448
9687506 1152
19982 99980018
12047247 533
10491711 510
6071313 97941
4526820 781464
7975052 1748
5612891 196139
6559571 49138
7974402 2398
3534079 1563026
7241046 25338
6070693 98561
7269556 13112
7270108 12560
9688152 506
3242788 3125161
6559703 49006
8915625 1337
19022 99980978
6070792 98462
1446619 12498358
7270293 12375
904058 49990612
4526502 781782
6071110 98144
11420946 525
2313326 6249309
3533931 1563174
11421046 425
7974942 1858
9688116 542
3243075 3124874
7578514 6243
5420062 391375
4526246 782038
6558997 49712
1447362 12497615
19329 99980671
7577717 7040
3243313 3124636
4526562 781722
3242881 3125068
904175 49990495
3243110 3124839
8915595 1367
904558 49990112
12314102 954
904645 49990025
5420776 390661
6559798 48911
6070853 98401
8910252 821
1446514 12498463
9687783 875
1446775 12498202
7887320 3431
1446810 12498167
5612862 196168
7974823 1977
9687990 668
7886758 3993
6071152 98102
7270393 12275
5420690 390747
7887075 3676
4527141 781143
2313214 6249421
6071534 97720
1147282 24995275
7577853 6904
904103 49990567
9687615 1043
7269968 12700
7578179 6578
12314535 521
19804 99980196
10491384 837
904535 49990135
10491710 511
4526987 781297
8909781 1292
2313801 6248834
7577998 6759
1146938 24995619
7578062 6695
9688253 405
11421045 426
7578619 6138
9687562 1096
4526320 781964
8916542 420
8910170 903
8910287 786
19850 99980150
9687890 768
12314620 436
7887379 3372
11420457 1014
6559634 49075
5420349 391088
19832 99980168
7577920 6837
2313506 6249129
7269729 12939
7975249 1551
7241733 24651
7577756 7001
4526660 781624
7270080 12588
10491301 920
3242593 3125356
3534561 1562544
12047531 249
12727570 444
7269838 12830
19590 99980410
1146827 24995730
19842 99980158
2313429 6249206
12314048 1008
4526936 781348
6558928 49781
2313591 6249044
19450 99980550
7269513 13155
5420332 391105
7886810 3941
904494 49990176
904299 49990371
8916194 768
5613123 195907
1446923 12498054
7241300 25084
7270199 12469
8909819 1254
7269902 12766
19358 99980642
4526984 781300
12727872 142
5420884 390553
7270339 12329
7241857 24527
5613125 195905
8910090 983
4526809 781475
8910294 779
7578346 6411
8910208 865
1446628 12498349
10492121 100
9688007 651
904619 49990051
7974864 1936
3534674 1562431
7887028 3723
12727248 766
6559103 49606
903842 49990828
8909319 1754
7887178 3573
12727677 337
3533935 1563170
4526291 781993
5613207 195823
1446981 12497996
4526946 781338
1447062 12497915
19007 99980993
4526497 781787
6071350 97904
3534503 1562602
904444 49990226
6559633 49076
19281 99980719
6559530 49179
12047716 64
19911 99980089
7886753 3998
9688190 468
19012 99980988
8916448 514
12314250 806
5420426 391011
5420073 391364
19309 99980691
5420290 391147
7974879 1921
9688114 544
7887486 3265
3534764 1562341
7578586 6171
7269618 13050
7974792 2008
6070718 98536
3534737 1562368
7975101 1699
12314579 477
3534916 1562189
7241087 25297
10491839 382
19860 99980140
4527089 781195
6559017 49692
7577836 6921
19068 99980932
7577736 7021
4526723 781561
5419988 391449
1446941 12498036
19849 99980151
19355 99980645
7241654 24730
7577664 7093
3534812 1562293
1146588 24995969
10491796 425
6559603 49106
3243180 3124769
9688106 552
10491216 1005
5420587 390850
4526872 781412
12727708 306
11421287 184
6071117 98137
5420695 390742
12315031 25
3242928 3125021
6070668 98586
7887307 3444
1447040 12497937
10491934 287
7577866 6891
7578428 6329
3534550 1562555
7974582 2218
8909761 1312
2313803 6248832
7887569 3182
7887175 3576
19746 99980254
6559827 48882
4527008 781276
7577794 6963
1147121 24995436
4526710 781574
2313195 6249440
11421378 93
12047263 517
5613273 195757
8915977 985
11420799 672
12314311 745
5612903 196127
6071263 97991
6559210 49499
12314333 723
7270014 12654
3243032 3124917
12047216 564
5612978 196052
12315042 14
7241254 25130
7886781 3970
7887331 3420
7241936 24448
5613292 195738
7578397 6360
8909411 1662
5420429 391008
5613646 195384
7578258 6499
10491155 1066
12314245 811
8915952 1010
12727340 674
7241851 24533
7974552 2248
3534502 1562603
12315004 52
12047690 90
9687572 1086
7887190 3561
8909373 1700
9688122 536
12314341 715
7269737 12931
7577770 6987
12314180 876

